1.0	0.48065485025962584	0.26503564592280576	0.25424092932013226	0.35127880679845597	0.23391987672520848	0.5899925081857138	0.0	0.05195220989998889	0.2257457472727322	0.17899019373090735	0.08699133388311042	0.31068244298317516	0.331766795819726	0.13836782974684747	0.42603363080491113	0.09251247691929916	0.3884583913079739	0.0958075471211395	0.0	
0.48065485025962584	1.0	0.7917883166429749	0.22138394136105	0.0	0.14506776350880593	0.6765768368732604	0.4496818185071717	0.4885551141157762	0.4717588619777825	0.2322753621548372	0.23340926668156484	0.05805642543555095	0.2477999260238363	0.40398431298191295	0.0	0.2034929278620294	0.0657307337059899	0.18229058927043384	0.13313217702882124
0.26503564592280576	0.7917883166429749	1.0	0.10918547370240439	0.3982914443110947	0.050106415458910404	0.7823883512974928	0.7252884425179367	0.7511984701522099	0.3575707049017138	0.07915192182470984	0.06721493564768934	0.05650293892046069	0.23863279224510958	0.5280385854956403	0.0	0.2476725828436841	0.0	0.12813159109799951	0.20042342069550453
0.25424092932013226	0.22138394136105	0.10918547370240439	1.0	0.9394511323827549	0.7753624958019882	0.15714036188761732	0.0	0.05810091781996491	0.5524515091905178	0.6210523765141932	0.17021552813703997	0.22990356662005357	0.3983962394775395	0.2581374557635733	0.4390268150720244	0.29926450508160546	0.4048596987666964	0.34698489012436984	0.0	
0.35127880679845597	0.0	0.3982914443110947	0.9394511323827549	1.0	0.7144505488009155	0.41547897966586195	0.23248497751684155	0.20916818809883045	0.4301607092306448	0.6499473262534883	0.2501318348334653	0.20220142566934596	0.3022573661731461	0.05598053391870301	0.4072927894221612	0.16104717535687552	0.38511631999390833	0.3684715120384953	0.0	
0.23391987672520848	0.14506776350880593	0.050106415458910404	0.7753624958019882	0.7144505488009155	1.0	0.05670258446601377	0.0	0.07708172140298955	0.6275907473663774	0.7428071500021751	0.4363100884417543	0.39173244235323046	0.4723699743178104	0.29827050494934837	0.5126139545841942	0.4874008125316838	0.48611189481335326	0.5121787296878293	0.05143910816764495	
0.5899925081857138	0.6765768368732604	0.7823883512974928	0.15714036188761732	0.41547897966586195	0.05670258446601377	1.0	0.5213517049540463	0.545551340919621	0.2591067571030535	0.0	0.09896025772712468	0.0	0.16985486340843003	0.3658238945311639	0.12268227658135132	0.3902744661619219	0.1347558791437572	0.20272669063315296	0.2122594892870248	
0.0	0.4496818185071717	0.7252884425179367	0.0	0.23248497751684155	0.0	0.5213517049540463	1.0	0.9934488612766266	0.516272805995423	0.12428656092922746	0.34032482840102674	0.5246870526449995	0.453229396437858	0.8967371955817379	0.507161352103983	0.6437843989969927	0.47082564279085753	0.13461609842840497	0.12665702041908838	
0.05195220989998889	0.4885551141157762	0.7511984701522099	0.05810091781996491	0.20916818809883045	0.07708172140298955	0.545551340919621	0.9934488612766266	1.0	0.5778995089253668	0.0	0.26119825624489157	0.4819112304793663	0.5296388431741768	0.9010393837594344	0.47933759517680585	0.6702536077666391	0.4343922027638566	0.06253555284763772	0.1957588460895537	
0.2257457472727322	0.4717588619777825	0.3575707049017138	0.5524515091905178	0.4301607092306448	0.6275907473663774	0.2591067571030535	0.516272805995423	0.5778995089253668	1.0	0.7700542524867362	0.4960218475970184	0.49063490180101244	0.8897482642613616	0.7546904800829685	0.5967782801009024	0.7927375091258664	0.5352829974890501	0.5939779149725376	0.2313895771689117	
0.17899019373090735	0.2322753621548372	0.07915192182470984	0.6210523765141932	0.6499473262534883	0.7428071500021751	0.0	0.12428656092922746	0.0	0.7700542524867362	1.0	0.8409317956969851	0.16748048611736974	0.6985455284010004	0.2071841226430603	0.29957821977939186	0.47165024657006954	0.2527568665588748	0.8074094147233395	0.22192413891172044	
0.08699133388311042	0.23340926668156484	0.06721493564768934	0.17021552813703997	0.2501318348334653	0.4363100884417543	0.09896025772712468	0.34032482840102674	0.26119825624489157	0.4960218475970184	0.8409317956969851	1.0	0.08607572881537864	0.4557242950071345	0.07954404836349048	0.05926134452076971	0.21775207143295397	0.08345024048668298	0.7741255299542675	0.1814552226310762
0.31068244298317516	0.05805642543555095	0.05650293892046069	0.22990356662005357	0.20220142566934596	0.39173244235323046	0.0	0.5246870526449995	0.4819112304793663	0.49063490180101244	0.16748048611736974	0.08607572881537864	1.0	0.2789432732476224	0.7092286565285782	0.9550474460164501	0.6002253430581227	0.9672654377244294	0.06024997668881532	0.4501241409442901
0.331766795819726	0.2477999260238363	0.23863279224510958	0.3983962394775395	0.3022573661731461	0.4723699743178104	0.16985486340843003	0.453229396437858	0.5296388431741768	0.8897482642613616	0.6985455284010004	0.4557242950071345	0.2789432732476224	1.0	0.6481549678007312	0.39535146625834783	0.7869112989021968	0.31434689096374785	0.6475861209226722	0.5087564645862639
0.13836782974684747	0.40398431298191295	0.5280385854956403	0.2581374557635733	0.05598053391870301	0.29827050494934837	0.3658238945311639	0.8967371955817379	0.9010393837594344	0.7546904800829685	0.2071841226430603	0.07954404836349048	0.7092286565285782	0.6481549678007312	1.0	0.7070810869347134	0.8308435325986769	0.6712306178678488	0.10400021420579358	0.0	
0.42603363080491113	0.0	0.0	0.4390268150720244	0.4072927894221612	0.5126139545841942	0.12268227658135132	0.507161352103983	0.47933759517680585	0.5967782801009024	0.29957821977939186	0.05926134452076971	0.9550474460164501	0.39535146625834783	0.7070810869347134	1.0	0.6218319188458633	0.9948595206187076	0.0	0.35404055241605087	
0.09251247691929916	0.2034929278620294	0.2476725828436841	0.29926450508160546	0.16104717535687552	0.4874008125316838	0.3902744661619219	0.6437843989969927	0.6702536077666391	0.7927375091258664	0.47165024657006954	0.21775207143295397	0.6002253430581227	0.7869112989021968	0.8308435325986769	0.6218319188458633	1.0	0.5810418715869683	0.5418609543382212	0.1964454681212897
0.3884583913079739	0.0657307337059899	0.0	0.4048596987666964	0.38511631999390833	0.48611189481335326	0.1347558791437572	0.47082564279085753	0.4343922027638566	0.5352829974890501	0.2527568665588748	0.08345024048668298	0.9672654377244294	0.31434689096374785	0.6712306178678488	0.9948595206187076	0.5810418715869683	1.0	0.0	0.4339750475908154
0.0958075471211395	0.18229058927043384	0.12813159109799951	0.34698489012436984	0.3684715120384953	0.5121787296878293	0.20272669063315296	0.13461609842840497	0.06253555284763772	0.5939779149725376	0.8074094147233395	0.7741255299542675	0.06024997668881532	0.6475861209226722	0.10400021420579358	0.0	0.5418609543382212	0.0	1.0	0.4300825433930703
0.0	0.13313217702882124	0.20042342069550453	0.0	0.0	0.05143910816764495	0.2122594892870248	0.12665702041908838	0.1957588460895537	0.2313895771689117	0.22192413891172044	0.1814552226310762	0.4501241409442901	0.5087564645862639	0.0	0.35404055241605087	0.1964454681212897	0.4339750475908154	0.4300825433930703	1.0	
